output/cube_3cm_0_2021-09-26T15:17:56.780903/ 8.870000 0.000000
output/cube_3cm_0_2021-09-26T21:38:12.436623/ 17.390000 0.000000
output/cube_3cm_0_2021-09-26T21:51:29.949466/ 11.500000 0.000000
output/cube_3cm_0_2021-09-26T22:31:49.958179/ 14.260000 0.000000
